21.6715 47.5786 23.0382 
211.96 198.841 192.067 
53.7568 123.488 119.164 
98.4495 140.848 235.745 
29.1877 58.0695 107.016 
149.85 160.917 164.737 
12.3305 163.535 200.769 
57.4531 85.8147 92.1838 
20.63 97.2414 27.5522 
102.678 118.098 129.913 
183.042 184.423 181.229 
23.0958 199.076 246.666 
59.5737 80.616 77.3888 
72.5529 120.936 220.549 
78.9166 171.176 184.31 
119.121 163.835 197.311 
109.914 131.625 155.185 
26.029 55.9591 63.7645 
29.9614 106.888 137.662 
21.633 143.856 120.331 
43.5732 79.078 173.797 
87.7139 108.418 119.326 
37.1591 74.9017 87.0061 
69.82 88.5947 86.4205 
52.6523 98.6643 204.637 
53.1436 132.54 -22.6469 
199.931 193.389 186.419 
20.1444 124.457 85.5256 
121.099 184.359 227.006 
33.1256 65.9368 36.4308 
33.6051 160.395 138.651 
78.9487 97.5532 98.3184 
24.5894 51.9648 38.6568 
19.1791 84.1101 31.1921 
32.2326 181.618 194.284 
124.656 143.409 161.7 
34.2851 65.7142 155.271 
168.924 200.683 211 
14.1718 108.347 62.7459 
73.1908 151.46 163.366 
162.69 172.114 172.099 
121.875 132.478 127.537 
29.4546 87.9091 105.785 
42.453 68.9447 64.0853 
29.1187 203.242 255.78 
60.8375 137.679 146.794 
226.919 223.511 199.087 
57.4538 190.056 224.572 
56.1739 99.6127 111.113 
139.669 149.751 146.117 
