0.0662213 -0.0351909 0.060957 
-0.0781906 -0.0472078 -0.0169755 
-0.081051 0.160626 0.0512884 
-0.0544119 0.0720144 0.0626187 
-0.0414126 -4.68287e-05 0.0252912 
0.0304992 0.00188249 0.0253389 
-0.0882438 -0.119134 0.176714 
-0.000793337 -0.0725326 0.100848 
-0.0286119 -0.0435099 -0.0011905 
-0.0553413 -0.00654996 0.00925011 
0.00868581 0.0185569 0.0251535 
-0.0203701 -0.0584493 0.0765865 
-0.00346464 -0.063825 -0.0153199 
-0.0231423 -0.0308845 -0.0107596 
-0.0272968 0.0177936 -0.00172609 
0.0154641 0.0389946 0.0196498 
0.00693748 -0.000926753 0.132219 
-0.00083408 0.0233565 0.0448344 
0.00141842 0.0335107 0.0331925 
0.0185795 0.047347 0.0247938 
0.0447795 0.0554482 0.0591711 
0.0630781 -0.0095093 -0.155312 
-0.00906639 0.0898435 -0.0429534 
-0.0353291 0.0506081 0.0329702 
-0.0157855 -0.0136578 -0.00291326 
0.0358773 -0.0178058 -0.000659258 
-0.177288 -0.213991 0.0621148 
0.304291 0.236398 0.289063 
-0.0795181 0.120204 -0.0701919 
-0.0869909 -0.0266534 -0.0650404 
-0.00534459 0.00366199 -0.0218214 
-0.0823718 -0.133863 -0.0191628 
0.23018 -0.16138 -0.615785 
-0.0478121 -0.0998314 -0.451514 
-0.0938631 -0.04907 -0.142786 
-0.0348629 0.0183716 -0.0305949 
-0.00157172 -0.0423116 -0.0788671 
0.0166543 -0.0926197 -0.194275 
-0.0250969 -0.0690016 -0.0290867 
-0.051316 -0.0125161 -0.0538149 
-0.0278596 0.0420289 -0.0247118 
-0.00725335 0.00251583 0.0596317 
-0.0176261 0.00249786 0.0245074 
-0.00177017 -0.000539193 0.0394831 
0.0121449 0.0254202 -0.000950063 
0.0156697 0.0574321 0.00919403 
-0.00807009 -0.0816991 0.0316054 
-0.0590226 -0.0831802 0.100443 
-0.045223 -0.0320814 0.0485012 
-0.0136021 -0.0277841 -0.00804863 
0.0168627 -0.0153964 -0.00136014 
-0.100327 -0.16707 0.132143 
-0.206652 -0.34717 0.586638 
-0.129675 -0.114311 0.0705663 
-0.0483922 -0.0481379 -0.101817 
-0.023182 0.0120267 -0.0277769 
0.0201032 0.0599068 -0.0235819 
-0.0272757 0.310475 0.215001 
0.094938 -0.0100115 0.0901433 
-0.068476 -0.0431893 -0.358037 
-0.0715669 0.0463447 -0.0637362 
-0.0180955 0.0807514 0.000799868 
-0.355506 0.106289 0.454002 
-0.194398 -0.2058 0.709012 
-0.11523 -0.0368922 -0.0909958 
-0.0633239 0.0717255 -0.0194335 
-0.0473253 0.00487421 0.0835335 
-0.0950932 -0.00471933 0.0989695 
-0.0354055 -0.0628095 0.148229 
0.0262678 -0.0116177 0.0491313 
0.00501408 0.0596877 0.0373395 
-0.0163549 -0.0385066 0.0448514 
-0.019629 -0.0219487 0.0443338 
-0.00485823 -0.0245035 0.0200624 
0.00266889 -0.0221726 -0.0103544 
0.00308635 -0.0136108 -0.00103561 
-0.0242671 0.0154203 0.098112 
0.022919 0.0498719 0.250928 
0.0969943 0.0318819 0.126736 
0.0153737 0.00826983 -0.0487286 
-0.028624 0.0337511 -0.0159389 
0.0169466 0.119772 0.0749893 
0.134996 0.288596 0.303173 
0.315569 0.0543997 0.23142 
-0.038195 0.0358789 -0.158285 
-0.0718333 0.0834118 -0.0219941 
0.00260967 0.0827918 -0.0620782 
-0.0118491 0.189226 -0.375613 
-0.198004 -0.08157 0.239321 
0.148101 0.140897 0.0542161 
-0.0370666 0.0811762 0.0430481 
-0.0535667 -0.0220506 0.0323869 
-0.0416657 -0.0208293 -0.0958397 
-0.00127886 -0.0750654 0.0396536 
0.0810049 -0.0539157 0.0817529 
0.0235549 0.0564279 0.0739252 
-0.0610435 -0.0876904 0.0629691 
-0.0427246 -0.0562072 0.0188808 
-0.0239954 -0.0502684 -0.00458163 
-0.0195663 -0.0420097 -0.0129124 
-0.0258547 -0.0345383 -0.00401483 
-0.0708119 -0.0360567 0.0677327 
-0.0189864 0.00131034 0.0378851 
0.0204826 -0.000184288 0.00177791 
-0.00965618 0.00332794 -0.021358 
-0.0437399 0.0188658 -0.00319174 
-0.0670453 -0.0146586 0.0330495 
0.0214482 0.0340499 -0.0427778 
0.0618252 0.011431 -0.0319061 
0.000948377 0.0235104 -0.0200393 
-0.0609416 0.0530172 0.0191979 
-0.0536413 -0.0474921 -0.0446651 
0.0496725 -0.0236043 -0.257388 
0.0391695 -0.0335453 -0.0816945 
0.0455831 -0.0287978 0.0325712 
-0.0331579 0.0419827 0.059097 
-0.0672341 -0.0884693 0.0387978 
0.0131076 -0.0881093 -0.104936 
0.0700662 -0.0998269 -0.0465801 
0.0865624 -0.0544048 0.0374028 
0.0141241 0.0359431 0.0678285 
